0 14
2 10
7 16
7 30
8 35
15 17
15 23
16 30
16 35
16 37
16 41
16 42
17 23
17 153
19 43
24 32
28 30
28 34
30 33
30 34
30 35
30 42
30 43
33 42
34 37
35 37
35 42
35 43
37 41
44 47
44 49
44 55
44 57
44 63
45 49
45 50
45 56
45 61
45 63
45 67
45 76
46 58
47 49
47 57
47 63
48 49
48 56
48 61
48 62
48 63
48 67
48 69
48 83
49 62
49 63
49 69
50 61
50 62
50 65
52 58
55 61
56 61
56 63
56 67
56 69
57 63
57 69
57 151
57 165
58 64
61 62
61 63
61 76
61 83
62 63
62 81
62 83
63 67
63 69
63 83
66 71
66 78
66 79
67 69
67 75
67 76
68 71
68 78
68 79
69 76
69 133
69 142
69 201
69 210
69 218
70 72
71 72
71 78
71 79
72 79
74 82
75 76
78 79
78 80
79 80
85 97
85 102
86 97
86 100
87 88
89 99
90 95
91 92
91 96
92 96
95 99
95 101
100 101
104 434
108 129
108 193
109 177
110 123
110 131
110 141
110 144
110 186
110 196
110 202
111 149
111 158
111 176
111 211
112 132
112 139
112 143
112 155
112 158
112 172
112 176
112 190
112 195
112 214
113 119
113 123
113 131
113 152
113 180
113 199
114 206
114 405
115 150
115 154
115 196
116 126
116 203
116 216
116 223
117 147
118 175
119 140
119 152
119 169
119 180
119 186
119 199
119 202
119 207
119 215
119 219
119 228
120 162
121 181
122 123
122 141
122 164
122 186
123 131
123 199
124 132
124 143
124 155
124 213
124 230
125 156
125 185
126 147
126 160
126 208
126 210
128 156
129 135
129 139
129 149
129 158
129 179
129 193
129 214
130 140
130 144
130 151
130 161
130 180
130 183
130 186
130 202
130 207
130 215
130 219
130 228
131 141
131 186
131 199
131 202
131 219
132 135
132 139
132 143
132 155
132 158
132 172
132 190
132 191
132 195
132 213
132 214
132 220
132 230
133 142
133 200
133 201
133 218
133 221
133 229
135 139
135 143
135 155
135 158
135 172
135 190
135 195
135 213
135 214
135 230
136 160
136 203
136 208
137 152
137 196
137 199
137 202
137 228
138 225
139 143
139 149
139 155
139 158
139 172
139 176
139 179
139 190
139 191
139 195
139 197
139 213
139 214
139 220
139 224
139 230
140 180
140 183
140 184
140 199
140 207
140 215
140 219
140 228
141 164
141 186
142 166
142 168
142 201
142 217
142 218
143 155
143 158
143 172
143 176
143 190
143 191
143 195
143 213
143 214
143 220
143 230
144 151
144 196
144 202
144 215
144 228
146 216
146 223
147 160
147 205
149 158
149 176
149 179
149 193
150 173
150 207
150 225
151 161
151 165
151 196
151 207
151 215
151 219
151 228
152 169
152 180
152 186
152 196
152 199
152 202
152 219
154 225
155 158
155 172
155 176
155 190
155 195
155 197
155 213
155 214
155 230
156 167
156 225
157 169
157 181
158 172
158 176
158 190
158 195
158 213
160 203
160 208
160 210
161 184
161 219
163 198
164 165
164 186
164 199
165 186
166 200
167 187
167 225
168 203
168 217
168 221
169 186
169 198
169 215
171 196
172 190
172 191
172 195
172 213
172 214
172 220
172 224
172 230
176 179
176 190
176 195
176 211
176 216
179 190
179 193
179 211
180 186
180 199
180 202
180 215
180 219
180 228
181 207
183 228
184 188
184 202
186 202
186 207
186 215
186 228
187 206
187 225
190 191
190 195
190 197
190 213
190 214
190 230
191 214
196 202
199 228
200 224
201 218
201 229
202 207
202 215
202 219
202 228
203 208
203 210
204 222
204 226
205 229
207 215
207 219
207 228
207 229
208 210
208 211
213 214
213 230
215 219
215 228
216 223
217 227
218 227
219 228
221 229
222 226
228 229
231 237
231 250
231 278
231 306
231 307
231 319
232 242
232 243
232 254
232 317
232 318
233 238
233 244
233 251
233 257
233 261
233 263
233 269
233 273
233 288
233 305
233 308
233 313
233 314
233 320
234 264
234 265
234 270
234 274
234 275
234 278
234 282
234 283
234 285
234 290
234 293
234 300
234 309
234 319
235 242
235 243
235 254
235 315
236 271
237 239
237 245
237 250
237 264
237 266
237 278
237 283
237 285
237 319
238 244
238 251
238 256
238 257
238 260
238 261
238 263
238 269
238 273
238 287
238 288
238 289
238 297
238 302
238 304
238 305
238 308
238 313
238 314
238 320
239 245
239 250
239 266
239 278
239 285
239 301
239 319
241 277
242 243
242 246
242 254
242 264
242 286
242 315
242 317
243 246
243 254
243 286
243 315
243 317
244 251
244 256
244 257
244 260
244 261
244 263
244 269
244 273
244 287
244 288
244 302
244 304
244 305
244 308
244 312
244 313
244 314
244 320
245 250
245 266
245 306
245 310
249 268
249 303
249 311
250 266
250 295
250 299
250 300
250 319
251 253
251 256
251 257
251 260
251 261
251 263
251 269
251 273
251 287
251 288
251 289
251 297
251 304
251 305
251 308
251 312
251 313
251 314
251 320
252 267
252 311
253 273
253 288
253 313
253 314
254 286
254 315
254 317
256 260
256 261
256 263
256 269
256 273
256 287
256 288
256 289
256 296
256 297
256 302
256 305
256 312
256 313
256 314
256 320
257 261
257 263
257 269
257 273
257 289
257 305
257 312
257 314
259 276
260 261
260 263
260 269
260 273
260 287
260 288
260 289
260 302
260 304
260 305
260 308
260 312
260 313
260 314
260 320
261 263
261 269
261 273
261 287
261 288
261 289
261 302
261 304
261 305
261 308
261 313
261 314
261 320
263 269
263 273
263 287
263 288
263 289
263 296
263 297
263 302
263 304
263 305
263 308
263 312
263 313
263 314
263 320
264 266
264 278
264 285
264 299
264 300
264 306
264 319
265 270
265 290
265 309
266 278
266 283
266 285
266 300
266 301
266 310
266 319
267 274
268 303
269 273
269 287
269 288
269 289
269 304
269 305
269 308
269 312
269 313
269 314
269 320
270 290
270 293
270 309
271 291
273 287
273 288
273 289
273 296
273 297
273 302
273 304
273 305
273 308
273 312
273 313
273 314
273 320
274 303
275 290
276 292
278 299
278 301
278 306
278 319
279 283
279 285
279 300
282 285
282 293
282 299
282 319
283 285
283 293
283 295
283 300
283 301
284 295
285 293
285 300
285 319
286 315
286 317
287 288
287 289
287 297
287 304
287 305
287 313
287 314
287 320
288 289
288 297
288 302
288 304
288 305
288 313
288 314
288 320
289 297
289 302
289 304
289 305
289 312
289 313
289 314
289 320
290 293
290 309
293 309
293 310
293 311
294 296
294 305
295 299
296 314
297 304
297 305
297 313
297 314
299 300
299 319
300 319
302 305
302 314
304 305
304 308
304 313
305 308
305 312
305 313
305 314
305 320
306 307
306 314
306 319
307 319
308 314
312 313
312 320
313 314
313 320
314 320
315 317
317 318
321 325
321 342
321 355
321 358
321 389
321 391
321 397
321 399
321 400
321 408
321 415
321 419
322 327
322 346
322 347
322 351
322 360
322 376
322 404
322 422
323 326
323 341
323 343
323 346
323 347
323 348
323 349
323 366
323 376
323 404
323 422
325 332
325 340
325 394
325 399
325 419
326 347
326 360
326 380
326 422
327 343
327 346
327 347
327 348
327 349
327 351
327 360
327 366
327 376
327 404
327 422
328 350
329 369
329 371
329 381
331 422
335 388
338 361
338 386
339 361
339 409
340 399
341 343
341 349
341 404
341 422
342 390
342 391
342 408
343 346
343 347
343 348
343 349
343 351
343 360
343 366
343 367
343 376
343 404
344 363
344 403
346 348
346 349
346 351
346 360
346 366
346 367
346 376
346 396
346 404
346 422
347 348
347 349
347 366
347 376
348 349
348 366
348 376
348 404
348 422
349 366
349 367
349 376
349 404
349 422
350 364
350 398
350 419
351 360
351 376
351 404
351 422
352 354
354 357
354 372
354 406
355 391
355 398
355 406
355 408
355 411
356 392
356 395
357 372
357 406
358 389
358 397
358 400
359 367
359 381
360 366
360 376
360 404
360 422
361 392
361 399
361 402
361 419
363 403
364 398
364 402
364 420
365 398
366 401
367 376
367 422
369 371
370 383
370 410
372 406
374 420
374 421
375 399
376 396
376 404
376 416
376 422
377 404
378 384
380 404
382 402
383 410
384 389
384 391
384 393
384 399
384 400
384 415
386 395
386 406
386 415
389 397
389 399
389 400
389 408
389 415
390 391
390 399
391 393
391 399
391 415
393 398
393 406
395 402
395 408
396 416
397 399
397 400
397 408
397 415
397 419
398 414
399 400
399 408
399 414
399 419
400 408
400 415
401 404
402 419
404 422
408 411
413 418
413 423
418 423
426 440
426 452
426 462
426 468
426 487
427 491
428 461
428 478
428 488
428 491
429 446
429 451
429 465
429 473
429 486
429 491
431 493
432 446
432 448
432 474
432 490
433 457
433 458
433 481
434 472
434 474
434 490
434 494
435 450
435 473
435 478
437 445
437 447
437 449
437 462
437 467
438 461
439 443
439 459
439 469
439 475
439 476
440 462
440 468
441 467
441 471
442 448
443 459
443 469
443 475
443 476
443 483
443 495
444 479
446 448
446 450
446 474
446 480
446 486
446 490
446 494
447 467
448 470
448 474
448 490
449 452
449 487
450 465
450 474
450 482
450 488
450 489
451 465
451 473
451 486
451 491
452 462
452 468
452 487
453 474
455 467
457 458
459 469
459 475
459 476
459 495
460 474
460 490
462 468
462 487
463 485
465 473
465 486
465 491
468 487
469 475
469 476
469 483
471 482
471 492
473 486
473 491
474 494
475 476
475 483
480 490
486 491
488 491
490 494
497 499
498 499
